[
    {
        "alpha": 0.01835048129273704,
        "p00": 0.19554030755916904,
        "p01": 0.3139983811467185,
        "p10": 0.6897068062690429,
        "p11": 0.6658379809835069,
        "cosbeta1": 0.6024030315843176,
        "cosbeta2": 0.012326972501841038,
        "cos2theta": 0.010000043657870742,
        "cosmu1": 0.33030618556231933,
        "cosmu2": 0.6728811271750601,
        "A12": -1.0381661808001041e-08,
        "A13": -4.286663857211437e-09,
        "A5": 8.98561346336646e-09,
        "A14top": 1.2689042258013947,
        "A14bot": 1.451978846795215,
        "ILHV": 0.5517579952841605,
        "ILHS": 0.5287223644371007,
        "origin_state": [
            0.7106335355363799,
            0.0,
            0.0,
            0.7035623484603654
        ],
        "eigenvalues": [
            -0.941435847746891,
            -1.2696322270500604,
            1.269632227050059,
            0.9414358477468918
        ],
        "eigenvectors": [
            [
                0.7026055405292272,
                -0.03524700766363544,
                0.7097451091134774,
                -0.03694567576713541
            ],
            [
                -0.02553275550462261,
                -0.7030452737986882,
                0.027328950393042485,
                0.7101609323639843
            ],
            [
                0.03694567576713477,
                0.7097451091134773,
                0.03524700766363609,
                0.7026055405292273
            ],
            [
                -0.7101609323639844,
                0.02732895039304164,
                0.703045273798688,
                -0.025532755504623115
            ]
        ]
    },
    {
        "alpha": 0.20031081307983095,
        "p00": 0.1477516065572767,
        "p01": 0.3723472379829379,
        "p10": 0.31917864372332816,
        "p11": 0.6127107089775836,
        "cosbeta1": 0.8415411679059245,
        "cosbeta2": 0.07953175767207071,
        "cos2theta": 0.2179129345998117,
        "cosmu1": 0.3602678884090265,
        "cosmu2": 0.3500231067924691,
        "A12": -2.7607923447359184e-09,
        "A13": -7.57156540243109e-09,
        "A5": 2.616521416198836e-09,
        "A14top": 0.9201271564273057,
        "A14bot": 1.0774504476431257,
        "ILHV": 0.42687759236579015,
        "ILHS": 0.7559861419047086,
        "origin_state": [
            0.7803566282796001,
            0.0,
            0.0,
            0.6253347365212444
        ],
        "eigenvalues": [
            -0.9503412222678789,
            -0.6192353305488371,
            0.9503412222678793,
            0.6192353305488373
        ],
        "eigenvectors": [
            [
                -0.2088850323369478,
                -0.5811010829750478,
                0.7425938253539498,
                -0.25931252414221423
            ],
            [
                -0.6171051361400985,
                0.07773726191161265,
                0.155250458167731,
                0.767486458707061
            ],
            [
                0.7425938253539496,
                -0.25931252414221484,
                0.2088850323369475,
                0.5811010829750479
            ],
            [
                0.15525045816773178,
                0.7674864587070609,
                0.6171051361400987,
                -0.07773726191161229
            ]
        ]
    },
    {
        "alpha": 0.3454117594720632,
        "p00": 0.12790956281185545,
        "p01": 0.559001956519436,
        "p10": 0.4038710193297919,
        "p11": 0.384746643568641,
        "cosbeta1": 0.8639717271542874,
        "cosbeta2": 0.17139184522676384,
        "cos2theta": 0.48243639566414653,
        "cosmu1": 0.11276251767073697,
        "cosmu2": 0.5342679677481489,
        "A12": 8.008721463781399e-11,
        "A13": 2.4179427973725076e-09,
        "A5": -1.6514987155602512e-08,
        "A14top": 0.8616480302639383,
        "A14bot": 1.1614852222873613,
        "ILHV": 1.0514476545645053,
        "ILHS": 1.0357724237697241,
        "origin_state": [
            0.8609402986456571,
            0.0,
            0.0,
            0.5087060075996024
        ],
        "eigenvalues": [
            -0.9025701156792096,
            -0.43568354653639263,
            0.9025701156792103,
            0.4356835465363922
        ],
        "eigenvectors": [
            [
                -0.1815897502725324,
                -0.45008162869325347,
                0.8361906409826028,
                -0.2554151562493723
            ],
            [
                -0.5150624908848865,
                -0.1743149348922448,
                0.0502096107584951,
                0.8377373866221142
            ],
            [
                0.8361906409826027,
                -0.2554151562493717,
                0.1815897502725327,
                0.45008162869325347
            ],
            [
                0.05020961075849464,
                0.8377373866221144,
                0.5150624908848863,
                0.1743149348922444
            ]
        ]
    },
    {
        "alpha": 0.7144435454558589,
        "p00": 0.10701059433691876,
        "p01": 0.5266954153610148,
        "p10": 0.21363801323177123,
        "p11": 0.5015932619532987,
        "cosbeta1": 0.8823847538622563,
        "cosbeta2": 0.013106211472546677,
        "cos2theta": 0.7930156597790665,
        "cosmu1": 0.346459034440023,
        "cosmu2": 0.3604702035074334,
        "A12": -2.291272945154077e-06,
        "A13": -5.068842939270901e-06,
        "A5": 5.513367540288527e-13,
        "A14top": 0.9938003241025553,
        "A14bot": 1.340069472497472,
        "ILHV": 1.060194306432265,
        "ILHS": 1.3748634874257002,
        "origin_state": [
            0.9468409739177606,
            0.0,
            0.0,
            0.3217019895966867
        ],
        "eigenvalues": [
            -1.1084068089021288,
            -0.7526359454063611,
            1.1084068089021288,
            0.7526359454063614
        ],
        "eigenvectors": [
            [
                -0.156828035782901,
                -0.3471960614848986,
                0.9241482485451223,
                0.028458334329932913
            ],
            [
                -0.2794557597819559,
                -0.35632031579649803,
                -0.20798908680060618,
                0.8669953002451765
            ],
            [
                0.9241482485451225,
                0.02845833432993204,
                0.15682803578290033,
                0.3471960614848988
            ],
            [
                -0.20798908680060466,
                0.8669953002451768,
                0.2794557597819552,
                0.35632031579649864
            ]
        ]
    },
    {
        "alpha": 0.195160207796566,
        "p00": 0.1837729172815778,
        "p01": 0.5835699260262194,
        "p10": 0.2657917184826905,
        "p11": 0.6213246112940438,
        "cosbeta1": 0.8689544802582037,
        "cosbeta2": 0.2759550491424383,
        "cos2theta": 0.25926265405700966,
        "cosmu1": 0.24822677508389362,
        "cosmu2": 0.27883235665060524,
        "A12": -6.735764318532844e-08,
        "A13": -1.35453989691392e-09,
        "A5": -3.833366232774971e-08,
        "A14top": 0.8055391789454601,
        "A14bot": 1.1158325075656448,
        "ILHV": 0.6069701582930098,
        "ILHS": 0.9294898068374223,
        "origin_state": [
            0.7934931171903792,
            0.0,
            0.0,
            0.6085792248931072
        ],
        "eigenvalues": [
            -0.8286951045959422,
            -0.5021473458218767,
            0.8286951045959431,
            0.5021473458218763
        ],
        "eigenvectors": [
            [
                -0.18306717571995385,
                -0.5710087763771924,
                0.7646385077957137,
                -0.23614262400101507
            ],
            [
                -0.6054011034489272,
                0.03491738846309343,
                0.12370879319064174,
                0.7854720965209738
            ],
            [
                0.7646385077957137,
                -0.23614262400101502,
                0.18306717571995412,
                0.5710087763771926
            ],
            [
                0.12370879319064156,
                0.7854720965209738,
                0.6054011034489271,
                -0.0349173884630936
            ]
        ]
    },
    {
        "alpha": 0.3530131870896597,
        "p00": 0.40657799168479386,
        "p01": 0.7618482599643163,
        "p10": 0.5803715877931467,
        "p11": 0.5355045822052191,
        "cosbeta1": 0.8890269558455852,
        "cosbeta2": 0.01666906380642608,
        "cos2theta": 0.3274851433912008,
        "cosmu1": 0.14899692142221393,
        "cosmu2": 0.6119462941365897,
        "A12": -2.547402289110323e-10,
        "A13": -5.32514006501561e-09,
        "A5": 2.9595207395871626e-09,
        "A14top": 1.4226368451047016,
        "A14bot": 1.7111032000991817,
        "ILHV": 1.5663064443266972,
        "ILHS": 1.522848237876207,
        "origin_state": [
            0.8147039779549382,
            0.0,
            0.0,
            0.5798770803406526
        ],
        "eigenvalues": [
            1.4479166351281645,
            -1.4479166351281663,
            -0.5253415476345377,
            0.5253415476345384
        ],
        "eigenvectors": [
            [
                -0.8037270944759923,
                0.11878597909329432,
                -0.5478175328372584,
                -0.19952092494805226
            ],
            [
                -0.04479980535422169,
                0.5812965045622165,
                -0.10180044360856672,
                0.8060546016896574
            ],
            [
                -0.11878597909329457,
                -0.8037270944759922,
                -0.19952092494805213,
                0.5478175328372583
            ],
            [
                -0.581296504562216,
                -0.04479980535422131,
                0.8060546016896574,
                0.10180044360856635
            ]
        ]
    },
    {
        "alpha": 0.7102226104099864,
        "p00": 0.13921117887325493,
        "p01": 0.637668267721945,
        "p10": 0.46928958673372045,
        "p11": 0.8601515491851778,
        "cosbeta1": 0.8645269302049311,
        "cosbeta2": 0.03334757453379811,
        "cos2theta": 0.52498051884149,
        "cosmu1": 0.3842411516241922,
        "cosmu2": 0.38410188648071203,
        "A12": -2.788353814509037e-08,
        "A13": -1.0078561568649391e-08,
        "A5": 7.229601362013227e-10,
        "A14top": 1.4225677503382603,
        "A14bot": 1.75298990779201,
        "ILHV": 1.0962400945537287,
        "ILHS": 1.524952109949937,
        "origin_state": [
            0.87320688237138,
            0.0,
            0.0,
            0.4873497107614357
        ],
        "eigenvalues": [
            1.529107214807254,
            1.0175061984222884,
            -1.017506198422289,
            -1.5291072148072549
        ],
        "eigenvectors": [
            [
                0.8246323151676059,
                -0.29959214730061523,
                -0.414473625189515,
                -0.24173891718004725
            ],
            [
                0.10684685334969417,
                0.8520559046350554,
                -0.11161045952152326,
                -0.5001275743559846
            ],
            [
                0.24173891718004806,
                0.4144736251895149,
                -0.29959214730061423,
                0.8246323151676063
            ],
            [
                0.5001275743559849,
                0.1116104595215224,
                0.8520559046350555,
                0.10684685334969254
            ]
        ]
    },
    {
        "alpha": 0.009355197241215807,
        "p00": 0.10215511236626819,
        "p01": 0.38397755666329775,
        "p10": 0.3221961080234148,
        "p11": 0.651334925533079,
        "cosbeta1": 0.5213868733762211,
        "cosbeta2": 0.10416655015650854,
        "cos2theta": 0.010001265631172696,
        "cosmu1": 0.6518528783017878,
        "cosmu2": 0.8299802269991757,
        "A12": 6.82648206018488e-09,
        "A13": -1.6978186746507973e-06,
        "A5": -2.979609112392645e-09,
        "A14top": 0.6541538316310687,
        "A14bot": 1.0688619633645942,
        "ILHV": 0.16634904876111756,
        "ILHS": 0.5655658502623236,
        "origin_state": [
            0.7106339654249482,
            0.0,
            0.0,
            0.7035619142509163
        ],
        "eigenvalues": [
            0.6543909800648167,
            -0.3211724740585637,
            -0.6543909800648171,
            0.32117247405856386
        ],
        "eigenvectors": [
            [
                0.7103177144168724,
                -0.7030969656985373,
                0.02106335665234828,
                -0.025685334680227715
            ],
            [
                0.012523428897044706,
                0.007767134726646025,
                0.7034545069304668,
                0.71058749779743
            ],
            [
                0.02106335665234834,
                -0.025685334680227604,
                -0.7103177144168731,
                0.7030969656985374
            ],
            [
                0.7034545069304675,
                0.7105874977974301,
                -0.012523428897044993,
                -0.0077671347266461055
            ]
        ]
    },
    {
        "alpha": 0.3317557012249993,
        "p00": 0.2379672759233171,
        "p01": 0.66543796636845,
        "p10": 0.1475320659635926,
        "p11": 0.5302545890193234,
        "cosbeta1": 0.8428547801706869,
        "cosbeta2": 0.18275494019370717,
        "cos2theta": 0.5748296107558438,
        "cosmu1": 0.31452085032746796,
        "cosmu2": 0.5262556810182276,
        "A12": -5.137104075458865e-10,
        "A13": -1.6254584830899255e-08,
        "A5": 1.131885209004757e-06,
        "A14top": 0.8021680299444058,
        "A14bot": 1.1917803018308368,
        "ILHV": 0.8524384204610357,
        "ILHS": 1.2244647096843884,
        "origin_state": [
            0.8873639644350687,
            0.0,
            0.0,
            0.4610696201465437
        ],
        "eigenvalues": [
            0.8426844441102893,
            -0.84268444411029,
            -0.2999900796715458,
            0.29999007967154606
        ],
        "eigenvectors": [
            [
                0.8706718277395643,
                -0.16328221101423093,
                -0.3776678880460422,
                -0.2695115104885
            ],
            [
                -0.00868257722721689,
                -0.4638901818314802,
                -0.3878177459544903,
                0.7964470528389366
            ],
            [
                0.16328221101423127,
                0.8706718277395644,
                -0.26951151048849964,
                0.3776678880460421
            ],
            [
                0.46389018183148056,
                -0.008682577227217273,
                0.7964470528389367,
                0.3878177459544905
            ]
        ]
    },
    {
        "alpha": 0.023067464839705572,
        "p00": 0.15158733602766492,
        "p01": 0.17428016063256282,
        "p10": 0.1256401671233986,
        "p11": 0.27374479292678133,
        "cosbeta1": 0.8491558593725862,
        "cosbeta2": 0.013847421464249552,
        "cos2theta": 0.05216933095023497,
        "cosmu1": 0.2359075725980091,
        "cosmu2": 0.26709040523930944,
        "A12": -9.826054137018758e-10,
        "A13": -2.0852993186382118e-08,
        "A5": -1.7411671753703173e-08,
        "A14top": 0.4447588250431173,
        "A14bot": 0.5214723846301301,
        "ILHV": 0.20083033569655057,
        "ILHS": 0.3771728370711565,
        "origin_state": [
            0.7253169413953582,
            0.0,
            0.0,
            0.6884150888271425
        ],
        "eigenvalues": [
            -0.3054917464390118,
            -0.44589549861700994,
            0.44589549861700967,
            0.3054917464390115
        ],
        "eigenvectors": [
            [
                0.6846739815128879,
                -0.06706702036250409,
                0.7219645520380067,
                -0.07409952374709192
            ],
            [
                -0.04153338372455047,
                -0.6868634261819463,
                0.04987819316950227,
                0.7238824335872044
            ],
            [
                0.07409952374709203,
                0.7219645520380064,
                0.06706702036250398,
                0.6846739815128875
            ],
            [
                -0.7238824335872043,
                0.04987819316950274,
                0.6868634261819461,
                -0.04153338372455042
            ]
        ]
    },
    {
        "alpha": 0.17238717331967254,
        "p00": 0.18471150732940933,
        "p01": 0.5605964803226673,
        "p10": 0.5763780601110834,
        "p11": 0.7353694886485012,
        "cosbeta1": 0.8882449157765483,
        "cosbeta2": 0.1633523256505705,
        "cos2theta": 0.15217776444979447,
        "cosmu1": 0.38962544583744996,
        "cosmu2": 0.5440837218664506,
        "A12": 1.3480883076510963e-11,
        "A13": 4.656914187606276e-09,
        "A5": -2.2780995145854632e-09,
        "A14top": 1.3123819563500294,
        "A14bot": 1.4951536855839107,
        "ILHV": 0.7587037324343315,
        "ILHS": 0.905414061930656,
        "origin_state": [
            0.7590051924887584,
            0.0,
            0.0,
            0.6510845703709333
        ],
        "eigenvalues": [
            -1.3225479386767285,
            -0.6988108675036712,
            1.322547938676728,
            0.6988108675036709
        ],
        "eigenvectors": [
            [
                -0.09495006003941199,
                -0.6408126592700756,
                0.7519002846757883,
                -0.1224319554781126
            ],
            [
                -0.6497744953413607,
                0.02018666754120373,
                0.05851113745998278,
                0.7576028316014929
            ],
            [
                0.751900284675788,
                -0.12243195547811392,
                0.0949500600394109,
                0.6408126592700757
            ],
            [
                0.05851113745998417,
                0.7576028316014931,
                0.6497744953413606,
                -0.02018666754120286
            ]
        ]
    },
    {
        "alpha": 0.37796884740511894,
        "p00": 0.16623962462184858,
        "p01": 0.5276674614482038,
        "p10": 0.12007289576046763,
        "p11": 0.5372273846180841,
        "cosbeta1": 0.7862431198992098,
        "cosbeta2": 0.047116284517732566,
        "cos2theta": 0.5932334057765429,
        "cosmu1": 0.35535905378820115,
        "cosmu2": 0.3757548367759674,
        "A12": 8.73541322610194e-09,
        "A13": -6.86119619452974e-10,
        "A5": 3.0482222301841944e-10,
        "A14top": 0.6957794055661954,
        "A14bot": 1.0839441927425388,
        "ILHV": 0.6547214446175548,
        "ILHS": 1.1317247613025423,
        "origin_state": [
            0.8925338665217536,
            0.0,
            0.0,
            0.45098037331099955
        ],
        "eigenvalues": [
            -0.7742068894738667,
            -0.44339750232736036,
            0.7742068894738677,
            0.44339750232736036
        ],
        "eigenvectors": [
            [
                -0.24590330227725637,
                -0.36518855195390953,
                0.8526590457362874,
                -0.28132088293447144
            ],
            [
                -0.46084083770109485,
                -0.3050382702800888,
                0.011394733879182942,
                0.8333351882713865
            ],
            [
                0.8526590457362873,
                -0.2813208829344723,
                0.24590330227725637,
                0.36518855195390965
            ],
            [
                0.011394733879183248,
                0.8333351882713865,
                0.46084083770109424,
                0.305038270280089
            ]
        ]
    },
    {
        "alpha": 0.28024996241903033,
        "p00": 0.6060137410189051,
        "p01": 0.8562288385251771,
        "p10": 0.48412802105362124,
        "p11": 0.7727180432793923,
        "cosbeta1": 0.8214582766076137,
        "cosbeta2": 0.010121220952013553,
        "cos2theta": 0.20584224220080552,
        "cosmu1": 0.1088317266851485,
        "cosmu2": 0.31750225382717745,
        "A12": 9.869628558867305e-09,
        "A13": -3.446513907601201e-10,
        "A5": 1.3384685582096267e-09,
        "A14top": 1.3939438758951685,
        "A14bot": 1.9672156725170595,
        "ILHV": 1.4539025197373414,
        "ILHS": 1.7633448966994283,
        "origin_state": [
            0.776479955375799,
            0.0,
            0.0,
            0.6301419513884131
        ],
        "eigenvalues": [
            -1.432911951678399,
            -0.8380996556235469,
            1.4329119516783986,
            0.8380996556235468
        ],
        "eigenvectors": [
            [
                -0.18175089949034723,
                -0.5937587957333792,
                0.7489231810565465,
                -0.23136804424950375
            ],
            [
                -0.6256067077679588,
                0.04461366459923858,
                0.12123088140539522,
                0.7693691841505181
            ],
            [
                0.7489231810565464,
                -0.23136804424950402,
                0.18175089949034684,
                0.5937587957333791
            ],
            [
                0.1212308814053952,
                0.7693691841505178,
                0.6256067077679588,
                -0.04461366459923836
            ]
        ]
    },
    {
        "alpha": 0.6153837202154188,
        "p00": 0.29370858666608896,
        "p01": 0.8337909191895413,
        "p10": 0.26841775604092705,
        "p11": 0.6442786077221994,
        "cosbeta1": 0.8394978600520617,
        "cosbeta2": 0.1129003938112543,
        "cos2theta": 0.6487894061202885,
        "cosmu1": 0.10279516408698716,
        "cosmu2": 0.23420009816890983,
        "A12": -8.767412351673443e-10,
        "A13": 1.7052992490329544e-09,
        "A5": -5.427547300485003e-12,
        "A14top": 0.971630341072623,
        "A14bot": 1.6851881791726495,
        "ILHV": 1.3670223743897767,
        "ILHS": 1.7409754117277778,
        "origin_state": [
            0.9079618400902894,
            0.0,
            0.0,
            0.4190528569761287
        ],
        "eigenvalues": [
            -1.0835121701148236,
            -0.7764236724252221,
            1.083512170114824,
            0.7764236724252226
        ],
        "eigenvectors": [
            [
                -0.24445398734600934,
                -0.36414913587364767,
                0.8703222835060527,
                -0.2240017360332768
            ],
            [
                -0.42752937138026514,
                -0.24761022993545515,
                8.666395825948808e-05,
                0.8694295849163776
            ],
            [
                0.8703222835060532,
                -0.2240017360332767,
                0.24445398734601018,
                0.364149135873648
            ],
            [
                8.666395825829839e-05,
                0.8694295849163779,
                0.4275293713802655,
                0.24761022993545534
            ]
        ]
    },
    {
        "alpha": 0.21182760956786495,
        "p00": 0.37419792963271226,
        "p01": 0.6586930172407366,
        "p10": 0.2830198804427834,
        "p11": 0.6770745309421599,
        "cosbeta1": 0.8179472572393817,
        "cosbeta2": 0.016962527773706795,
        "cos2theta": 0.24245137022282054,
        "cosmu1": 0.37628427005177584,
        "cosmu2": 0.6290682083614685,
        "A12": -1.497659385396588e-09,
        "A13": -3.41619021959616e-09,
        "A5": -5.222522470038626e-09,
        "A14top": 1.163312775409375,
        "A14bot": 1.4414256170387574,
        "ILHV": 0.8506639059419373,
        "ILHS": 1.2992165135206102,
        "origin_state": [
            0.7881787139420922,
            0.0,
            0.0,
            0.6154464354341406
        ],
        "eigenvalues": [
            1.1812720760370186,
            -1.181272076037017,
            -0.29669286953606167,
            0.2966928695360619
        ],
        "eigenvectors": [
            [
                0.7791309120102713,
                -0.10899559507517441,
                -0.5720358275967817,
                -0.2320560151125518
            ],
            [
                0.03824000039064312,
                -0.6161271659116936,
                -0.14425365502981324,
                0.7733795321873264
            ],
            [
                0.10899559507517437,
                0.779130912010271,
                -0.2320560151125519,
                0.5720358275967818
            ],
            [
                0.6161271659116935,
                0.038240000390643,
                0.7733795321873265,
                0.14425365502981313
            ]
        ]
    },
    {
        "alpha": 0.7317381474231647,
        "p00": 0.14571167068661378,
        "p01": 0.8453285350513156,
        "p10": 0.17039324731762556,
        "p11": 0.8830263841192688,
        "cosbeta1": 0.8892625561155618,
        "cosbeta2": 0.30545296751349843,
        "cos2theta": 0.7664223619908967,
        "cosmu1": 0.8182232883138021,
        "cosmu2": 0.4123524805044916,
        "A12": 6.1421602803868325e-09,
        "A13": 1.0025189584705885e-05,
        "A5": 1.133706108991106e-07,
        "A14top": 1.1963796379931289,
        "A14bot": 1.5736775614079876,
        "ILHV": 1.0101452163594509,
        "ILHS": 1.650998656189724,
        "origin_state": [
            0.9397931586234539,
            0.0,
            0.0,
            0.3417437914645292
        ],
        "eigenvalues": [
            -1.2882452398031232,
            -0.6866532127562328,
            1.2882452398031232,
            0.6866532127562328
        ],
        "eigenvectors": [
            [
                -0.15477688266396344,
                -0.3376482426893739,
                0.9254971673498946,
                -0.07411325137196594
            ],
            [
                -0.3247605870799528,
                -0.3654947093169093,
                -0.11844691173530325,
                0.8642421579865225
            ],
            [
                0.9254971673498947,
                -0.07411325137196575,
                0.1547768826639633,
                0.3376482426893738
            ],
            [
                -0.11844691173530332,
                0.8642421579865225,
                0.32476058707995303,
                0.3654947093169092
            ]
        ]
    },
    {
        "alpha": 0.32268902727580323,
        "p00": 0.27693289358563644,
        "p01": 0.6426507670539187,
        "p10": 0.1684097471248402,
        "p11": 0.706009324317556,
        "cosbeta1": 0.8083026947720123,
        "cosbeta2": 0.08556369007798614,
        "cos2theta": 0.416376693862688,
        "cosmu1": 0.4916451059922573,
        "cosmu2": 0.5004065893085201,
        "A12": 2.138391759676228e-05,
        "A13": 5.102470668205683e-10,
        "A5": 1.1609841617687966e-05,
        "A14top": 0.9732534086730533,
        "A14bot": 1.3281103442141653,
        "ILHV": 0.7046731107226425,
        "ILHS": 1.3107128308019036,
        "origin_state": [
            0.8415392723642456,
            0.0,
            0.0,
            0.5401959395151503
        ],
        "eigenvalues": [
            1.017330253475798,
            -1.0173302534757982,
            -0.36712505644523236,
            0.367125056445232
        ],
        "eigenvectors": [
            [
                0.8188670382379811,
                -0.17452051886252432,
                -0.45688598058190355,
                -0.3004239719646633
            ],
            [
                0.04296112322855805,
                -0.545118064344095,
                -0.24184680360090433,
                0.8015676898457879
            ],
            [
                0.17452051886252404,
                0.8188670382379809,
                -0.3004239719646632,
                0.45688598058190355
            ],
            [
                0.5451180643440949,
                0.04296112322855796,
                0.801567689845788,
                0.24184680360090482
            ]
        ]
    },
    {
        "alpha": 0.3264186070147012,
        "p00": 0.2812459206442524,
        "p01": 0.4927129596463179,
        "p10": 0.185817503491758,
        "p11": 0.5961469240741412,
        "cosbeta1": 0.8958164442759249,
        "cosbeta2": 0.06238627215600351,
        "cos2theta": 0.5266391955166934,
        "cosmu1": 0.7949894205288102,
        "cosmu2": 0.656369601730273,
        "A12": -1.653841230631059e-09,
        "A13": 2.590883202424621e-09,
        "A5": -7.468490603734779e-09,
        "A14top": 1.0300466634510814,
        "A14bot": 1.1851633523819334,
        "ILHV": 0.6900480667228884,
        "ILHS": 1.1501582026110744,
        "origin_state": [
            0.8736816340969671,
            0.0,
            0.0,
            0.4864981009640771
        ],
        "eigenvalues": [
            1.0515009263178814,
            -1.0515009263178816,
            -0.2144545496979745,
            0.21445454969797442
        ],
        "eigenvectors": [
            [
                -0.8663567637741039,
                0.10709378204576118,
                0.37706887584393517,
                -0.3094768853723768
            ],
            [
                0.0035405269326462406,
                0.4877953919206653,
                0.47219628920870005,
                0.7342164427112328
            ],
            [
                -0.107093782045761,
                -0.866356763774104,
                0.30947688537237694,
                0.37706887584393534
            ],
            [
                -0.48779539192066523,
                0.0035405269326458703,
                -0.7342164427112331,
                0.4721962892087004
            ]
        ]
    },
    {
        "alpha": 0.6089611736618236,
        "p00": 0.1773124252725485,
        "p01": 0.8263965515571474,
        "p10": 0.25494072551084895,
        "p11": 0.5549348693491947,
        "cosbeta1": 0.8888789427600627,
        "cosbeta2": 0.28796431034228237,
        "cos2theta": 0.7682749353299937,
        "cosmu1": 0.22569897430830543,
        "cosmu2": 0.4805416185575882,
        "A12": 5.247892786996999e-09,
        "A13": 4.593401048413881e-09,
        "A5": 5.8296198979235214e-09,
        "A14top": 1.032896270146412,
        "A14bot": 1.5116718226709476,
        "ILHV": 1.3126760066531737,
        "ILHS": 1.5530846954074637,
        "origin_state": [
            0.9402858435949129,
            0.0,
            0.0,
            0.340385858012643
        ],
        "eigenvalues": [
            -1.106924311428103,
            -0.5426555555452899,
            1.1069243114281027,
            0.5426555555452901
        ],
        "eigenvectors": [
            [
                -0.1512761043841891,
                -0.3324851314083037,
                0.926820135546392,
                -0.08702651308948992
            ],
            [
                -0.3251085557294653,
                -0.3867790576830332,
                -0.1114648087048707,
                0.8557347626161467
            ],
            [
                0.9268201355463919,
                -0.08702651308949048,
                0.15127610438418843,
                0.33248513140830355
            ],
            [
                -0.11146480870487017,
                0.8557347626161467,
                0.32510855572946507,
                0.38677905768303333
            ]
        ]
    },
    {
        "alpha": 0.17025716770679217,
        "p00": 0.2853007722005262,
        "p01": 0.5909573616700239,
        "p10": 0.3095375559804078,
        "p11": 0.8395809400620149,
        "cosbeta1": 0.6726986852746023,
        "cosbeta2": 0.010004156542885854,
        "cos2theta": 0.15031313726642143,
        "cosmu1": 0.5057097187873923,
        "cosmu2": 0.6544783890262594,
        "A12": 1.0748725354225996e-08,
        "A13": -4.25691674688089e-07,
        "A5": 8.187812650106707e-10,
        "A14top": 1.1152587800140061,
        "A14bot": 1.4601213244898563,
        "ILHV": 0.5164719174957353,
        "ILHS": 1.1683499835019753,
        "origin_state": [
            0.7583907756778234,
            0.0,
            0.0,
            0.6518001467986865
        ],
        "eigenvalues": [
            1.1397723870865442,
            -1.1397723870865417,
            -0.41856416644402566,
            0.41856416644402594
        ],
        "eigenvectors": [
            [
                -0.7429635904412414,
                0.14146862576430502,
                -0.6159907282248225,
                -0.22033418696169516
            ],
            [
                -0.06886223218543103,
                0.6505764552928871,
                -0.03772097994484068,
                0.7553710323205296
            ],
            [
                -0.14146862576430486,
                -0.7429635904412414,
                -0.22033418696169488,
                0.6159907282248223
            ],
            [
                -0.6505764552928871,
                -0.06886223218543068,
                0.7553710323205296,
                0.0377209799448406
            ]
        ]
    },
    {
        "alpha": 0.5118054095907121,
        "p00": 0.1155612930813825,
        "p01": 0.6103069262480129,
        "p10": 0.22291844847077041,
        "p11": 0.5937069826459214,
        "cosbeta1": 0.8180721584247974,
        "cosbeta2": 0.11642360770895258,
        "cos2theta": 0.6364784480273493,
        "cosmu1": 0.24329535244315822,
        "cosmu2": 0.2934392145122219,
        "A12": -8.706394827306951e-09,
        "A13": 3.054107106104098e-10,
        "A5": 3.016872418548644e-09,
        "A14top": 0.81336734273073,
        "A14bot": 1.2544534662987712,
        "ILHV": 0.8668850947449567,
        "ILHS": 1.2499852097297557,
        "origin_state": [
            0.9045657654442129,
            0.0,
            0.0,
            0.4263341130924493
        ],
        "eigenvalues": [
            -0.917279744748954,
            -0.6473181340844951,
            0.9172797447489548,
            0.6473181340844951
        ],
        "eigenvectors": [
            [
                -0.26008055425997256,
                -0.3593926248739216,
                0.8606507056869902,
                -0.2499508137265097
            ],
            [
                -0.43761749254550464,
                -0.2555742770377902,
                0.01137533799486693,
                0.8619996060441667
            ],
            [
                0.8606507056869896,
                -0.24995081372651143,
                0.2600805542599718,
                0.3593926248739217
            ],
            [
                0.011375337994869374,
                0.8619996060441666,
                0.437617492545504,
                0.25557427703779106
            ]
        ]
    },
    {
        "alpha": 0.3144043279062568,
        "p00": 0.19995939749104996,
        "p01": 0.6695292649532177,
        "p10": 0.1794873191759212,
        "p11": 0.7038726842546792,
        "cosbeta1": 0.780285240037274,
        "cosbeta2": 0.1322136584766351,
        "cos2theta": 0.4541610449037942,
        "cosmu1": 0.5392511839367307,
        "cosmu2": 0.5856789210379331,
        "A12": -7.140211033540567e-09,
        "A13": -7.1690856584538665e-09,
        "A5": 5.476930853287598e-10,
        "A14top": 0.8885740076456062,
        "A14bot": 1.2646999096967617,
        "ILHV": 0.6595076252717664,
        "ILHS": 1.2298056239664525,
        "origin_state": [
            0.8526901679108873,
            0.0,
            0.0,
            0.5224169575617764
        ],
        "eigenvalues": [
            0.9371030659137933,
            -0.9371030659137933,
            -0.3206869164944048,
            0.32068691649440445
        ],
        "eigenvectors": [
            [
                -0.828844748873434,
                0.1830219312535167,
                0.41091247598354136,
                -0.3326714475668796
            ],
            [
                -0.027798459455404868,
                0.5279645827108805,
                0.3388349712214308,
                0.7782490008552564
            ],
            [
                -0.18302193125351693,
                -0.8288447488734333,
                0.33267144756687933,
                0.4109124759835409
            ],
            [
                -0.5279645827108798,
                -0.02779845945540498,
                -0.7782490008552563,
                0.33883497122143097
            ]
        ]
    },
    {
        "alpha": 0.5112952827488181,
        "p00": 0.12815496353373937,
        "p01": 0.778321184452866,
        "p10": 0.32948078540815684,
        "p11": 0.5459064343373378,
        "cosbeta1": 0.8321655413228541,
        "cosbeta2": 0.2062913025590062,
        "cos2theta": 0.6654161834764006,
        "cosmu1": 0.1359672594813519,
        "cosmu2": 0.5216033329179744,
        "A12": -5.838246552869464e-10,
        "A13": -1.3968827458632482e-07,
        "A5": -1.0011135370691093e-07,
        "A14top": 0.9422624762651329,
        "A14bot": 1.4266644640911461,
        "ILHV": 1.2013457818062427,
        "ILHS": 1.3893589088316063,
        "origin_state": [
            0.9125284059897535,
            0.0,
            0.0,
            0.409013335065985
        ],
        "eigenvalues": [
            -1.024571794936246,
            -0.5224464168158691,
            1.0245717949362454,
            0.5224464168158691
        ],
        "eigenvectors": [
            [
                -0.1969626348718806,
                -0.3557967583676999,
                0.8904829372739207,
                -0.20409440370419957
            ],
            [
                -0.40740374994874357,
                -0.3714533257687314,
                -0.04762397942253698,
                0.83293251100375
            ],
            [
                0.8904829372739209,
                -0.20409440370419962,
                0.19696263487188062,
                0.35579675836770014
            ],
            [
                -0.047623979422536565,
                0.8329325110037501,
                0.4074037499487436,
                0.3714533257687314
            ]
        ]
    },
    {
        "alpha": 0.7899886122671032,
        "p00": 0.3902484490956109,
        "p01": 0.8541111241065116,
        "p10": 0.12112463906704558,
        "p11": 0.8065503433005065,
        "cosbeta1": 0.8888127830768362,
        "cosbeta2": 0.05869299915361305,
        "cos2theta": 0.7831830699132853,
        "cosmu1": 0.727135750304272,
        "cosmu2": 0.5268054135740593,
        "A12": -5.324255510918974e-07,
        "A13": -9.263786431012999e-07,
        "A5": 8.196677780958339e-10,
        "A14top": 1.5289015170040514,
        "A14bot": 1.9725994071063713,
        "ILHV": 1.3489224812357645,
        "ILHS": 2.108245370184885,
        "origin_state": [
            0.9442412482817316,
            0.0,
            0.0,
            0.32925440778121307
        ],
        "eigenvalues": [
            1.613845820364752,
            -1.6138458203647537,
            -0.5719151879309988,
            0.5719151879309982
        ],
        "eigenvectors": [
            [
                0.9335641960667911,
                -0.13560427747570075,
                -0.3034000539659059,
                -0.13423032073992935
            ],
            [
